0 0.0265625 0.46640625 0.03125 0.29296875
0 0.0890625 0.47734375 0.07421875 0.40625
0 0.28125 0.47109375 0.11328125 0.4640625
0 0.45546875 0.4515625 0.08203125 0.52890625
0 0.665625 0.4078125 0.0765625 0.5765625
0 0.88125 0.3765625 0.10546875 0.615625
0 0.77421875 0.52890625 0.021875 0.1390625
0 0.71484375 0.55546875 0.01953125 0.09140625
0 0.83203125 0.54296875 0.02890625 0.125
0 0.5015625 0.51953125 0.0265625 0.15859375
0 0.37890625 0.55078125 0.02421875 0.09609375
0 0.29296875 0.55390625 0.0265625 0.103125
0 0.17890625 0.53828125 0.02890625 0.09609375