0 0.03984375 0.56953125 0.05546875 0.47109375
0 0.12109375 0.571875 0.0453125 0.41328125
0 0.1734375 0.6765625 0.0671875 0.53125
0 0.2203125 0.58046875 0.05546875 0.44453125
0 0.25625 0.63359375 0.05546875 0.46875
0 0.28359375 0.68515625 0.0578125 0.51953125
0 0.3109375 0.5625 0.05078125 0.39453125
0 0.359375 0.57109375 0.07421875 0.5046875
0 0.57109375 0.56015625 0.06953125 0.5484375
0 0.72109375 0.56015625 0.08671875 0.46640625
0 0.78515625 0.5765625 0.08203125 0.5
0 0.8390625 0.540625 0.0578125 0.47578125
0 0.88125 0.59375 0.071875 0.678125
0 0.91796875 0.48671875 0.06015625 0.5453125