0 0.0359375 0.6046875 0.0578125 0.428125
0 0.0734375 0.59140625 0.05546875 0.3703125
0 0.1296875 0.5734375 0.03125 0.4015625
0 0.171875 0.5796875 0.0671875 0.58671875
0 0.2921875 0.62109375 0.07421875 0.665625
0 0.48359375 0.628125 0.1421875 0.74375
0 0.63203125 0.72265625 0.06953125 0.37265625
0 0.703125 0.771875 0.06015625 0.4328125
0 0.7515625 0.7453125 0.05546875 0.37265625
0 0.84140625 0.70390625 0.0546875 0.5921875
0 0.8890625 0.6109375 0.08671875 0.43515625
0 0.96171875 0.696875 0.053125 0.3703125