0 0.9330357142857143 0.2611607142857143 0.03125 0.38392857142857145
0 0.8147321428571429 0.24107142857142858 0.024553571428571428 0.33705357142857145
0 0.65625 0.24330357142857142 0.024553571428571428 0.41964285714285715
0 0.7589285714285714 0.28348214285714285 0.04017857142857143 0.5089285714285714
0 0.8883928571428571 0.24330357142857142 0.020089285714285716 0.3125
0 0.6026785714285714 0.20758928571428573 0.022321428571428572 0.37276785714285715
0 0.16517857142857142 0.22767857142857142 0.08035714285714286 0.38392857142857145
0 0.29464285714285715 0.22991071428571427 0.060267857142857144 0.3794642857142857
0 0.3638392857142857 0.22098214285714285 0.04241071428571429 0.33705357142857145
0 0.38839285714285715 0.21428571428571427 0.04017857142857143 0.29017857142857145
0 0.9776785714285714 0.23883928571428573 0.029017857142857144 0.32142857142857145