0 0.7991071428571429 0.7745535714285714 0.024553571428571428 0.36830357142857145
0 0.9553571428571429 0.75 0.033482142857142856 0.33482142857142855
0 0.7388392857142857 0.7008928571428571 0.03571428571428571 0.47767857142857145
0 0.6450892857142857 0.7232142857142857 0.017857142857142856 0.33705357142857145
0 0.19642857142857142 0.7924107142857143 0.0625 0.3861607142857143
0 0.09821428571428571 0.828125 0.046875 0.32142857142857145
0 0.30580357142857145 0.7522321428571429 0.044642857142857144 0.28348214285714285
0 0.36830357142857145 0.7767857142857143 0.03125 0.2924107142857143
0 0.3950892857142857 0.7433035714285714 0.024553571428571428 0.19642857142857142
0 0.5959821428571429 0.7276785714285714 0.015625 0.24107142857142858
0 0.90625 0.7165178571428571 0.04241071428571429 0.40401785714285715
0 0.8705357142857143 0.71875 0.022321428571428572 0.27232142857142855