0 0.05803571428571429 0.7745535714285714 0.04241071428571429 0.4263392857142857
0 0.18080357142857142 0.7767857142857143 0.026785714285714284 0.3325892857142857
0 0.22767857142857142 0.7276785714285714 0.04017857142857143 0.5357142857142857
0 0.34598214285714285 0.7834821428571429 0.022321428571428572 0.4263392857142857
0 0.8526785714285714 0.7834821428571429 0.08258928571428571 0.40625
0 0.9263392857142857 0.8258928571428571 0.05803571428571429 0.30580357142857145
0 0.7142857142857143 0.7857142857142857 0.06473214285714286 0.37276785714285715
0 0.6428571428571429 0.796875 0.04017857142857143 0.3325892857142857
0 0.6138392857142857 0.8013392857142857 0.04017857142857143 0.3013392857142857
0 0.39732142857142855 0.7901785714285714 0.022321428571428572 0.3482142857142857
0 0.109375 0.765625 0.029017857142857144 0.296875