0 0.7522321428571429 0.29910714285714285 0.033482142857142856 0.4888392857142857
0 0.8080357142857143 0.22991071428571427 0.022321428571428572 0.3950892857142857
0 0.6517857142857143 0.25669642857142855 0.026785714285714284 0.4174107142857143
0 0.9709821428571429 0.234375 0.033482142857142856 0.36830357142857145
0 0.6026785714285714 0.22991071428571427 0.024553571428571428 0.3482142857142857
0 0.18973214285714285 0.234375 0.07589285714285714 0.421875
0 0.10267857142857142 0.20535714285714285 0.05357142857142857 0.34598214285714285
0 0.30357142857142855 0.25 0.05580357142857143 0.37723214285714285
0 0.3705357142857143 0.25 0.033482142857142856 0.296875
0 0.39732142857142855 0.24330357142857142 0.03125 0.25223214285714285
0 0.921875 0.27232142857142855 0.033482142857142856 0.4107142857142857
0 0.8816964285714286 0.27232142857142855 0.020089285714285716 0.27232142857142855