0 0.8191964285714286 0.22544642857142858 0.029017857142857144 0.39955357142857145
0 0.7477678571428571 0.2767857142857143 0.013392857142857142 0.29910714285714285
0 0.9464285714285714 0.2700892857142857 0.04241071428571429 0.44642857142857145
0 0.6584821428571429 0.24330357142857142 0.024553571428571428 0.484375
0 0.14285714285714285 0.22544642857142858 0.07589285714285714 0.41517857142857145
0 0.28794642857142855 0.26785714285714285 0.05803571428571429 0.36160714285714285
0 0.3638392857142857 0.24776785714285715 0.03794642857142857 0.36607142857142855
0 0.38839285714285715 0.23214285714285715 0.03571428571428571 0.29910714285714285
0 0.6049107142857143 0.2611607142857143 0.015625 0.30580357142857145
0 0.7790178571428571 0.29464285714285715 0.03571428571428571 0.5825892857142857
0 0.8950892857142857 0.27455357142857145 0.026785714285714284 0.3169642857142857