0 0.9040178571428571 0.27232142857142855 0.033482142857142856 0.265625
0 0.9575892857142857 0.30357142857142855 0.046875 0.33035714285714285
0 0.7544642857142857 0.265625 0.015625 0.25892857142857145
0 0.6674107142857143 0.24330357142857142 0.026785714285714284 0.40401785714285715
0 0.13169642857142858 0.19196428571428573 0.08035714285714286 0.36160714285714285
0 0.2857142857142857 0.21428571428571427 0.05133928571428571 0.31919642857142855
0 0.36160714285714285 0.18303571428571427 0.03125 0.31026785714285715
0 0.38839285714285715 0.17410714285714285 0.026785714285714284 0.25669642857142855
0 0.5915178571428571 0.24776785714285715 0.015625 0.21428571428571427
0 0.609375 0.21428571428571427 0.015625 0.2857142857142857
0 0.7946428571428571 0.328125 0.046875 0.4419642857142857
0 0.8303571428571429 0.22991071428571427 0.033482142857142856 0.36607142857142855