0 0.25223214285714285 0.7209821428571429 0.04241071428571429 0.5178571428571429
0 0.35044642857142855 0.7723214285714286 0.017857142857142856 0.42857142857142855
0 0.03571428571428571 0.7455357142857143 0.03571428571428571 0.32589285714285715
0 0.8058035714285714 0.7924107142857143 0.06473214285714286 0.38392857142857145
0 0.8995535714285714 0.8169642857142857 0.049107142857142856 0.3236607142857143
0 0.6941964285714286 0.7924107142857143 0.05133928571428571 0.35044642857142855
0 0.625 0.75 0.029017857142857144 0.24776785714285715
0 0.6049107142857143 0.7566964285714286 0.024553571428571428 0.19196428571428573
0 0.39955357142857145 0.7477678571428571 0.013392857142857142 0.25892857142857145
0 0.08482142857142858 0.6941964285714286 0.03794642857142857 0.33705357142857145
0 0.12276785714285714 0.7098214285714286 0.022321428571428572 0.24776785714285715
0 0.19419642857142858 0.7522321428571429 0.024553571428571428 0.32589285714285715