0 0.029017857142857144 0.6116071428571429 0.05803571428571429 0.7120535714285714
0 0.10267857142857142 0.7566964285714286 0.03125 0.46205357142857145
0 0.27232142857142855 0.7142857142857143 0.033482142857142856 0.48214285714285715
0 0.7745535714285714 0.7522321428571429 0.06696428571428571 0.4107142857142857
0 0.8772321428571429 0.7834821428571429 0.060267857142857144 0.35714285714285715
0 0.6830357142857143 0.7633928571428571 0.05357142857142857 0.3638392857142857
0 0.6205357142857143 0.7566964285714286 0.03571428571428571 0.33482142857142855
0 0.4017857142857143 0.734375 0.020089285714285716 0.30580357142857145
0 0.359375 0.7366071428571429 0.026785714285714284 0.38392857142857145
0 0.20758928571428573 0.7633928571428571 0.015625 0.3861607142857143
0 0.12946428571428573 0.7700892857142857 0.020089285714285716 0.37276785714285715