0 0.09821428571428571 0.30357142857142855 0.033482142857142856 0.24330357142857142
0 0.20535714285714285 0.33035714285714285 0.05357142857142857 0.48214285714285715
0 0.3325892857142857 0.30357142857142855 0.024553571428571428 0.31026785714285715
0 0.8660714285714286 0.20535714285714285 0.078125 0.38169642857142855
0 0.9330357142857143 0.17633928571428573 0.044642857142857144 0.25892857142857145
0 0.7142857142857143 0.22321428571428573 0.05133928571428571 0.36607142857142855
0 0.6361607142857143 0.24330357142857142 0.029017857142857144 0.28125
0 0.609375 0.21428571428571427 0.029017857142857144 0.2611607142857143
0 0.38839285714285715 0.234375 0.020089285714285716 0.3325892857142857
0 0.24553571428571427 0.28348214285714285 0.017857142857142856 0.2700892857142857
0 0.04241071428571429 0.3169642857142857 0.046875 0.38169642857142855