0 0.060267857142857144 0.7120535714285714 0.033482142857142856 0.28348214285714285
0 0.18080357142857142 0.7857142857142857 0.024553571428571428 0.3325892857142857
0 0.23214285714285715 0.7299107142857143 0.03571428571428571 0.5357142857142857
0 0.34151785714285715 0.7700892857142857 0.022321428571428572 0.4107142857142857
0 0.8370535714285714 0.78125 0.08482142857142858 0.35044642857142855
0 0.7075892857142857 0.7589285714285714 0.06473214285714286 0.34598214285714285
0 0.6361607142857143 0.7946428571428571 0.04241071428571429 0.34598214285714285
0 0.6071428571428571 0.7678571428571429 0.033482142857142856 0.22544642857142858
0 0.3950892857142857 0.7433035714285714 0.020089285714285716 0.2544642857142857
0 0.10714285714285714 0.7745535714285714 0.020089285714285716 0.32589285714285715
0 0.020089285714285716 0.7544642857142857 0.04017857142857143 0.27901785714285715