0 0.029017857142857144 0.3861607142857143 0.05803571428571429 0.75
0 0.10267857142857142 0.23883928571428573 0.022321428571428572 0.44642857142857145
0 0.2700892857142857 0.3080357142857143 0.03571428571428571 0.44642857142857145
0 0.40401785714285715 0.24776785714285715 0.026785714285714284 0.36160714285714285
0 0.6875 0.21875 0.060267857142857144 0.390625
0 0.7790178571428571 0.23660714285714285 0.06919642857142858 0.42410714285714285
0 0.8772321428571429 0.22098214285714285 0.060267857142857144 0.37723214285714285
0 0.6227678571428571 0.22767857142857142 0.04241071428571429 0.36160714285714285
0 0.359375 0.265625 0.029017857142857144 0.38839285714285715
0 0.20758928571428573 0.24776785714285715 0.015625 0.34151785714285715
0 0.12946428571428573 0.25669642857142855 0.015625 0.3080357142857143