0 0.8169642857142857 0.265625 0.024553571428571428 0.3549107142857143
0 0.78125 0.296875 0.04017857142857143 0.5892857142857143
0 0.65625 0.24553571428571427 0.026785714285714284 0.4642857142857143
0 0.890625 0.27901785714285715 0.024553571428571428 0.296875
0 0.9419642857142857 0.2767857142857143 0.04017857142857143 0.4375
0 0.14285714285714285 0.22321428571428573 0.08035714285714286 0.41294642857142855
0 0.28794642857142855 0.2544642857142857 0.05580357142857143 0.38839285714285715
0 0.3638392857142857 0.23883928571428573 0.04017857142857143 0.35044642857142855
0 0.390625 0.24553571428571427 0.033482142857142856 0.28348214285714285
0 0.6049107142857143 0.25892857142857145 0.020089285714285716 0.29910714285714285
0 0.7455357142857143 0.28348214285714285 0.011160714285714286 0.29017857142857145