0 0.9709821428571429 0.4017857142857143 0.049107142857142856 0.7410714285714286
0 0.8973214285714286 0.25669642857142855 0.022321428571428572 0.4330357142857143
0 0.7276785714285714 0.28794642857142855 0.03571428571428571 0.49330357142857145
0 0.22321428571428573 0.23883928571428573 0.06919642857142858 0.41964285714285715
0 0.12723214285714285 0.22767857142857142 0.060267857142857144 0.37276785714285715
0 0.3169642857142857 0.24330357142857142 0.05580357142857143 0.3705357142857143
0 0.37723214285714285 0.23214285714285715 0.04241071428571429 0.359375
0 0.5959821428571429 0.25 0.020089285714285716 0.31026785714285715
0 0.6383928571428571 0.26785714285714285 0.026785714285714284 0.38392857142857145
0 0.7924107142857143 0.22544642857142858 0.017857142857142856 0.3950892857142857
0 0.8705357142857143 0.23660714285714285 0.013392857142857142 0.3325892857142857