0 0.8169642857142857 0.7678571428571429 0.029017857142857144 0.35714285714285715
0 0.7633928571428571 0.7254464285714286 0.03794642857142857 0.5267857142857143
0 0.6584821428571429 0.7455357142857143 0.026785714285714284 0.3794642857142857
0 0.9330357142857143 0.7366071428571429 0.04017857142857143 0.42410714285714285
0 0.17857142857142858 0.7857142857142857 0.07366071428571429 0.39285714285714285
0 0.30580357142857145 0.7433035714285714 0.05580357142857143 0.328125
0 0.3705357142857143 0.7879464285714286 0.04017857142857143 0.3482142857142857
0 0.39285714285714285 0.7946428571428571 0.033482142857142856 0.28794642857142855
0 0.6049107142857143 0.7767857142857143 0.017857142857142856 0.3482142857142857
0 0.890625 0.7589285714285714 0.024553571428571428 0.33705357142857145
0 0.9776785714285714 0.7745535714285714 0.04241071428571429 0.37276785714285715