0 0.9665178571428571 0.6116071428571429 0.05803571428571429 0.7678571428571429
0 0.8973214285714286 0.7299107142857143 0.024553571428571428 0.39732142857142855
0 0.7276785714285714 0.7232142857142857 0.03794642857142857 0.4955357142857143
0 0.22544642857142858 0.7544642857142857 0.06696428571428571 0.4174107142857143
0 0.125 0.78125 0.05803571428571429 0.36160714285714285
0 0.3169642857142857 0.7767857142857143 0.060267857142857144 0.421875
0 0.375 0.7767857142857143 0.04017857142857143 0.3705357142857143
0 0.6383928571428571 0.7544642857142857 0.029017857142857144 0.41517857142857145
0 0.5959821428571429 0.7522321428571429 0.022321428571428572 0.32142857142857145
0 0.7924107142857143 0.7477678571428571 0.017857142857142856 0.32589285714285715
0 0.8683035714285714 0.7165178571428571 0.020089285714285716 0.265625