0 0.8258928571428571 0.7522321428571429 0.026785714285714284 0.31473214285714285
0 0.9017857142857143 0.7522321428571429 0.029017857142857144 0.31473214285714285
0 0.7544642857142857 0.7410714285714286 0.013392857142857142 0.28125
0 0.6651785714285714 0.7589285714285714 0.026785714285714284 0.40625
0 0.7879464285714286 0.6584821428571429 0.044642857142857144 0.4486607142857143
0 0.13616071428571427 0.8013392857142857 0.08035714285714286 0.35044642857142855
0 0.28794642857142855 0.7745535714285714 0.05357142857142857 0.35714285714285715
0 0.3638392857142857 0.7991071428571429 0.03571428571428571 0.36607142857142855
0 0.3861607142857143 0.8147321428571429 0.033482142857142856 0.296875
0 0.609375 0.7857142857142857 0.013392857142857142 0.29910714285714285
0 0.9575892857142857 0.7232142857142857 0.046875 0.42857142857142855