0 0.8125 0.7834821428571429 0.03125 0.4174107142857143
0 0.9754464285714286 0.7879464285714286 0.03794642857142857 0.4017857142857143
0 0.7566964285714286 0.71875 0.049107142857142856 0.5535714285714286
0 0.6517857142857143 0.7611607142857143 0.022321428571428572 0.41294642857142855
0 0.18526785714285715 0.7767857142857143 0.07366071428571429 0.421875
0 0.30357142857142855 0.7522321428571429 0.05580357142857143 0.3705357142857143
0 0.3705357142857143 0.7611607142857143 0.03571428571428571 0.33035714285714285
0 0.3950892857142857 0.7745535714285714 0.033482142857142856 0.2767857142857143
0 0.6026785714285714 0.7678571428571429 0.022321428571428572 0.32589285714285715
0 0.9241071428571429 0.7410714285714286 0.04017857142857143 0.4575892857142857
0 0.8861607142857143 0.765625 0.03125 0.359375
0 0.09598214285714286 0.8102678571428571 0.05580357142857143 0.34151785714285715